3207
password
5e884898da28047151d0e56f8dc6292773603d0d6aabbdd62a11ef721d1542d8
51
50
48
55
10
[51, 50, 48, 55]
3207
b3207
098ce5419c70dd06d0914b80a5b8a4583818d7fa0f336b32922e4be472036f99
password
5e884898da28047151d0e56f8dc6292773603d0d6aabbdd62a11ef721d1542d8
51
50
48
55
10
[51, 50, 48, 55]
3207
b3207
098ce5419c70dd06d0914b80a5b8a4583818d7fa0f336b32922e4be472036f99
password
5e884898da28047151d0e56f8dc6292773603d0d6aabbdd62a11ef721d1542d8
51
50
48
55
10
[51, 50, 48, 55]
3207
b3207
098ce5419c70dd06d0914b80a5b8a4583818d7fa0f336b32922e4be472036f99
password
5e884898da28047151d0e56f8dc6292773603d0d6aabbdd62a11ef721d1542d8
69
114
108
97
117
10
[69, 114, 108, 97, 117]
Erlau
bErlau
f7c409847083098d91ada5f17133e28be15a155bb6534d139a73b06273b05fda
password
5e884898da28047151d0e56f8dc6292773603d0d6aabbdd62a11ef721d1542d8
password
5e884898da28047151d0e56f8dc6292773603d0d6aabbdd62a11ef721d1542d8
80
97
117
110
115
100
111
114
102
32
67
101
110
116
101
114
10
49
10
password
5e884898da28047151d0e56f8dc6292773603d0d6aabbdd62a11ef721d1542d8
80
97
117
110
115
100
111
114
102
32
67
101
110
116
101
114
10
51
50
48
55
10
49
10
49
10
password
5e884898da28047151d0e56f8dc6292773603d0d6aabbdd62a11ef721d1542d8
password
5e884898da28047151d0e56f8dc6292773603d0d6aabbdd62a11ef721d1542d8
80
97
117
110
115
100
111
114
102
32
67
101
110
116
101
114
10
49
10
49
10
password
5e884898da28047151d0e56f8dc6292773603d0d6aabbdd62a11ef721d1542d8
80
97
117
110
115
100
111
114
102
32
67
101
110
116
101
114
10
49
10
49
10
password
5e884898da28047151d0e56f8dc6292773603d0d6aabbdd62a11ef721d1542d8
10
80
97
117
110
115
100
111
114
102
32
67
101
110
116
101
114
10
49
10
49
10
password
5e884898da28047151d0e56f8dc6292773603d0d6aabbdd62a11ef721d1542d8
80
97
117
110
115
100
111
114
102
32
67
101
110
116
101
114
10
49
10
49
10
password
5e884898da28047151d0e56f8dc6292773603d0d6aabbdd62a11ef721d1542d8
80
97
117
110
115
100
111
114
102
32
67
101
110
116
101
114
10
49
10
49
10
password
5e884898da28047151d0e56f8dc6292773603d0d6aabbdd62a11ef721d1542d8
password
5e884898da28047151d0e56f8dc6292773603d0d6aabbdd62a11ef721d1542d8
80
97
117
110
115
100
111
114
102
32
67
101
110
116
101
114
10
49
10
69
114
108
97
117
10
51
50
48
55
10
54
10
68
69
42
57
49
42
69
57
48
49
127
10
68
101
10
68
69
39
10
68
69
42
57
54
49
42
69
48
51
52
49
42
49
48
50
51
42
50
10
password
5e884898da28047151d0e56f8dc6292773603d0d6aabbdd62a11ef721d1542d8
80
97
117
110
115
100
111
114
102
32
67
101
110
116
101
114
114
10
80
97
117
110
115
115
100
111
114
102
127
127
10
80
97
117
110
115
10
10
27
58
113
127
27
password
5e884898da28047151d0e56f8dc6292773603d0d6aabbdd62a11ef721d1542d8
80
97
117
110
115
100
111
114
102
32
67
101
110
116
101
114
10
80
97
117
110
115
100
111
114
102
32
67
101
110
116
101
114
10
80
97
117
110
115
100
111
114
102
32
67
101
110
116
101
114
10
10
password
5e884898da28047151d0e56f8dc6292773603d0d6aabbdd62a11ef721d1542d8
80
97
117
110
115
100
111
114
102
32
67
101
110
116
101
114
10
49
127
50
10
49
10
69
114
108
97
117
10
51
50
48
55
10
54
10
68
101
10
68
69
42
57
54
49
42
69
48
51
52
49
42
49
48
50
51
42
50
10
password
5e884898da28047151d0e56f8dc6292773603d0d6aabbdd62a11ef721d1542d8
80
97
117
110
115
100
111
114
102
32
67
101
110
116
101
114
10
49
127
50
127
51
127
49
10
49
10
69
114
108
97
117
10
password
5e884898da28047151d0e56f8dc6292773603d0d6aabbdd62a11ef721d1542d8
80
97
117
110
127
110
100
127
127
110
115
100
111
114
102
32
67
101
110
116
101
114
10
password
5e884898da28047151d0e56f8dc6292773603d0d6aabbdd62a11ef721d1542d8
80
97
117
110
115
100
111
114
102
127
102
32
67
101
110
116
101
114
10
password
5e884898da28047151d0e56f8dc6292773603d0d6aabbdd62a11ef721d1542d8
password
5e884898da28047151d0e56f8dc6292773603d0d6aabbdd62a11ef721d1542d8
80
97
117
110
115
100
111
114
102
32
67
101
110
116
101
114
10
49
10
69
114
108
97
117
10
51
50
48
55
10
54
10
password
5e884898da28047151d0e56f8dc6292773603d0d6aabbdd62a11ef721d1542d8
password
5e884898da28047151d0e56f8dc6292773603d0d6aabbdd62a11ef721d1542d8
27
password
5e884898da28047151d0e56f8dc6292773603d0d6aabbdd62a11ef721d1542d8
10
password
5e884898da28047151d0e56f8dc6292773603d0d6aabbdd62a11ef721d1542d8
80
97
117
110
115
100
111
114
102
99
101
110
116
101
114
10
80
97
117
110
115
100
111
114
102
32
67
101
110
116
101
114
10
49
10
69
114
108
97
117
102
127
10
51
50
48
55
10
54
116
127
10
password
5e884898da28047151d0e56f8dc6292773603d0d6aabbdd62a11ef721d1542d8
password
5e884898da28047151d0e56f8dc6292773603d0d6aabbdd62a11ef721d1542d8
password
5e884898da28047151d0e56f8dc6292773603d0d6aabbdd62a11ef721d1542d8
password
5e884898da28047151d0e56f8dc6292773603d0d6aabbdd62a11ef721d1542d8
password
5e884898da28047151d0e56f8dc6292773603d0d6aabbdd62a11ef721d1542d8
27
58
password
5e884898da28047151d0e56f8dc6292773603d0d6aabbdd62a11ef721d1542d8
80
97
117
110
115
100
111
114
102
32
67
101
110
116
101
114
10
49
10
69
114
108
97
117
10
51
50
48
55
10
54
10
68
69
42
57
54
49
42
69
48
51
52
49
42
49
48
50
51
42
50
10
49
49
48
53
55
10
48
56
48
48
32
49
50
49
51
48
48
48
10
72
117
110
100
101
10
password
5e884898da28047151d0e56f8dc6292773603d0d6aabbdd62a11ef721d1542d8
80
97
117
110
115
100
111
114
102
32
67
101
110
116
101
114
10
password
5e884898da28047151d0e56f8dc6292773603d0d6aabbdd62a11ef721d1542d8
80
97
117
110
115
100
111
114
102
32
67
101
110
116
101
114
10
password
5e884898da28047151d0e56f8dc6292773603d0d6aabbdd62a11ef721d1542d8
80
97
117
110
115
100
111
114
102
32
67
101
110
116
101
114
10
password
5e884898da28047151d0e56f8dc6292773603d0d6aabbdd62a11ef721d1542d8
password
5e884898da28047151d0e56f8dc6292773603d0d6aabbdd62a11ef721d1542d8
password
5e884898da28047151d0e56f8dc6292773603d0d6aabbdd62a11ef721d1542d8
pa
9513229d435978263d82902c59d4e0fb86c941a9bf09b605cd8a6643f40149a8
password
5e884898da28047151d0e56f8dc6292773603d0d6aabbdd62a11ef721d1542d8
80
97
117
110
115
100
111
114
102
32
67
101
110
116
101
114
10
49
10
69
114
108
97
117
10
51
50
48
55
10
54
10
68
69
42
57
54
49
42
69
48
51
52
49
42
49
48
50
51
42
50
10
49
49
48
53
55
10
48
56
48
48
32
49
50
49
51
48
48
48
10
72
117
110
100
101
10
password
5e884898da28047151d0e56f8dc6292773603d0d6aabbdd62a11ef721d1542d8
password
5e884898da28047151d0e56f8dc6292773603d0d6aabbdd62a11ef721d1542d8
80
97
117
110
115
100
111
114
102
32
67
101
110
116
101
114
10
password
5e884898da28047151d0e56f8dc6292773603d0d6aabbdd62a11ef721d1542d8
80
65
85
78
10
80
97
117
110
115
100
111
114
102
32
67
101
110
116
101
114
10
password
5e884898da28047151d0e56f8dc6292773603d0d6aabbdd62a11ef721d1542d8
80
97
117
110
115
100
111
114
102
32
67
101
110
116
101
114
10
password
5e884898da28047151d0e56f8dc6292773603d0d6aabbdd62a11ef721d1542d8
80
97
117
110
115
100
111
114
102
32
67
101
110
116
101
114
10
password
5e884898da28047151d0e56f8dc6292773603d0d6aabbdd62a11ef721d1542d8
80
97
117
110
115
100
111
114
102
32
67
101
110
116
101
114
10
password
5e884898da28047151d0e56f8dc6292773603d0d6aabbdd62a11ef721d1542d8
80
97
117
110
115
100
111
114
102
32
67
101
110
116
101
114
10
paunsdorf 
ba95a83a77b905886ad1129bb93554ef3f5a1dd73363d7bf6ceb0d3cdf625a10
password
5e884898da28047151d0e56f8dc6292773603d0d6aabbdd62a11ef721d1542d8
80
97
117
110
115
100
111
114
102
32
67
101
110
116
101
114
10
paunsdorf 
ba95a83a77b905886ad1129bb93554ef3f5a1dd73363d7bf6ceb0d3cdf625a10
password
5e884898da28047151d0e56f8dc6292773603d0d6aabbdd62a11ef721d1542d8
80
97
117
110
115
100
111
114
102
32
67
101
110
116
101
114
10
password
5e884898da28047151d0e56f8dc6292773603d0d6aabbdd62a11ef721d1542d8
80
97
117
110
115
100
111
114
102
32
67
101
110
116
101
114
10
password
5e884898da28047151d0e56f8dc6292773603d0d6aabbdd62a11ef721d1542d8
80
97
117
110
115
100
111
114
102
32
67
101
110
116
101
114
10
password
5e884898da28047151d0e56f8dc6292773603d0d6aabbdd62a11ef721d1542d8
27
107
107
10
80
97
117
110
115
100
111
114
102
32
67
101
110
116
101
114
10
49
10
69
114
108
97
117
10
49
48
48
10
75
101
117
108
97
104
195
188
116
116
101
10
75
97
117
108
101
127
10
75
101
117
108
97
104
195
188
116
116
101
10
10
password
5e884898da28047151d0e56f8dc6292773603d0d6aabbdd62a11ef721d1542d8
80
97
117
110
115
100
111
114
102
32
67
101
110
116
101
114
10
49
10
69
114
108
97
117
10
49
48
48
10
49
48
10
75
101
117
108
97
10
51
50
48
55
10
54
10
68
69
42
57
54
49
42
69
48
51
52
49
42
49
48
50
51
42
50
10
49
49
48
53
55
10
48
56
48
48
32
49
50
49
51
48
48
48
10
72
117
110
100
101
10
password
5e884898da28047151d0e56f8dc6292773603d0d6aabbdd62a11ef721d1542d8
80
97
117
110
115
100
111
114
102
32
67
101
110
116
101
114
10
49
10
69
114
108
97
117
10
49
48
48
10
75
101
117
108
97
10
51
50
48
55
10
54
10
68
69
42
57
54
49
42
69
48
51
52
49
42
49
48
50
51
42
50
10
49
48
53
55
10
49
49
48
53
55
10
48
56
48
48
32
49
50
49
51
48
48
48
10
72
117
110
127
110
100
101
127
127
101
103
127
127
100
101
10
49
49
10
65
98
103
115
117
110
116
101
114
115
117
99
104
117
110
103
10
65
98
103
97
115
117
110
116
101
114
115
117
99
104
117
110
103
10
password
5e884898da28047151d0e56f8dc6292773603d0d6aabbdd62a11ef721d1542d8
80
97
117
110
115
100
111
114
102
32
67
101
110
116
101
114
10
49
10
101
114
108
97
117
10
69
114
108
97
117
10
49
48
48
10
75
101
117
108
97
10
51
50
48
55
10
54
10
68
69
42
57
54
49
42
69
48
51
52
49
42
49
48
50
51
42
50
10
49
49
48
53
55
10
48
56
56
127
48
48
32
49
50
49
51
48
48
48
10
72
117
110
100
101
10
49
49
10
65
98
103
97
115
117
110
116
101
114
115
117
99
104
117
110
103
10
password
5e884898da28047151d0e56f8dc6292773603d0d6aabbdd62a11ef721d1542d8
80
97
117
110
115
100
111
114
102
32
67
101
114
110
116
101
114
10
80
97
117
110
115
100
111
114
102
32
67
101
110
116
101
114
10
49
10
69
114
108
97
117
10
49
48
48
10
75
101
117
108
97
10
51
50
48
55
10
54
10
68
69
42
57
54
49
42
69
48
51
52
49
42
49
48
50
51
42
50
10
49
49
48
53
55
10
48
56
48
48
32
49
50
49
51
48
48
48
10
72
117
110
100
101
10
49
49
10
65
98
115
10
65
98
103
97
115
117
110
116
101
114
115
117
99
104
117
110
103
10
achtung
54986d595e3e8c4b0258170055aab128b4e51ef86abadf53270221c7d41c19b5
80
97
117
110
115
100
111
114
102
32
67
101
110
116
101
114
10
49
10
101
114
108
97
117
127
127
127
127
127
127
achtung
54986d595e3e8c4b0258170055aab128b4e51ef86abadf53270221c7d41c19b5
80
97
117
110
115
100
111
114
102
32
67
101
110
116
101
114
10
49
10
69
114
115
102
97
127
127
127
127
127
127
127
achtung
54986d595e3e8c4b0258170055aab128b4e51ef86abadf53270221c7d41c19b5
80
97
117
110
100
100
127
111
114
102
32
67
101
110
116
101
114
10
80
97
117
110
100
115
100
111
114
102
32
67
101
110
116
101
114
10
80
97
117
110
115
100
111
114
102
32
67
101
110
116
101
114
10
49
10
69
114
108
97
117
10
49
48
48
10
75
69
85
76
65
10
75
101
117
108
101
127
97
10
51
50
127
127
127
127
127
127
127
127
127
127
57
51
48
117
114
195
188
57
32
10
50
195
169
50
32
92
51
49
48
49
27
91
50
51
126
32
27
79
82
27
79
81
27
68
10
10
108
107
115
97
106
102
10
51
50
48
55
10
54
10
achtung
54986d595e3e8c4b0258170055aab128b4e51ef86abadf53270221c7d41c19b5
password
5e884898da28047151d0e56f8dc6292773603d0d6aabbdd62a11ef721d1542d8
achtung
54986d595e3e8c4b0258170055aab128b4e51ef86abadf53270221c7d41c19b5
achtung
54986d595e3e8c4b0258170055aab128b4e51ef86abadf53270221c7d41c19b5
a
ca978112ca1bbdcafac231b39a23dc4da786eff8147c4e72b9807785afee48bb
password
5e884898da28047151d0e56f8dc6292773603d0d6aabbdd62a11ef721d1542d8
achtung
54986d595e3e8c4b0258170055aab128b4e51ef86abadf53270221c7d41c19b5
